%Ganz viele Beispiel-Matrizen

%Alle Zustände in einem metastabilen Bereich
%%3x3
C1=[100 100 10; 120 90 3; 5 7 200];
%%4x4
C2=[300 350 20 10; 290 310 4 12; 6 2 200 220; 10 11 300 250];
C3=[300 350 400 40; 400 310 340 10; 340 360 290 30; 30 20 40 400];
C4=[0.30 0.62 0.03 0.05; 0.58 0.39 0.01 0.02; 0.02 0.02 0.48 0.48; 0.01 0.02 0.43 0.54];
%%10x10
C5=[200 100 150 200 3 2 1 5 3 0;
    150 200 190 180 5 10 3 2 12 4; 
    220 200 100 250 3 7 11 15 3 0; 
    150 150 200 180 5 10 30 2 12 0;
    3 2 4 2 100 8 10 11 3 16;
    2 5 10 20 3 200 200 200 200 200;
    3 5 10 20 3 100 200 160 150 240; 
    1 5 10 20 3 150 190 150 250 300;
    8 5 10 20 3 250 300 100 200 100;
    1 2 3 4 5 200 300 100 400 200];

%Nicht alle Zustände in einem metastabilen Bereich
%%3x3
B1=[10 10 4; 7 100 120; 10 90 110];
B2=[19 20 10; 10 80 80; 20 75 95];
%%4x4
B3=[10 10 100 10; 40 4 5 5; 2 3 100 100; 5 3 200 100];
B4=[10 10 100 10; 40 4 5 5; 2 3 300 200; 5 3 200 150];

B5=[180 210 210 20 10 ; 300 200 245 10 10; 200 190 220 10 10; 10 10 10 10 15; 20 20 10 20 10];

%Metastabile Bereiche nicht geordnet
%%4x4
C1=[100 5 5 100; 10 100 100 4; 3 100 100 5; 100 3 4 100];

%Keine metastabilen Bereiche
%%4x4
D1=[50 50 10 20; 30 40 10 30; 100 20 100 40; 15 100 200 20];

% Gleichverteilt zufällig
%%10x10
D2=rand(10,10); 
%%4x4
D3=rand(4,4);
%%3x3
D4=rand(3,3);